alpha_omega = 0.300001
beta_omega =     10
kappa = 7.15236
phi0A = 0.293862
phi0C = 0.173893
phi0G = 0.283923
phi1A = 0.313556
phi1C = 0.267183
phi1G = 0.177319
phi2A = 0.283223
phi2C = 0.238782
phi2G = 0.250482