beta = 2.18066
kappa = 7.4668
omega = 0.156256
phiA = 0.34099
phiC = 0.212543
phiG = 0.24148