beta = 0.610358
kappa = 7.55197
omega = 0.0183291
phiA = 0.306471
phiC = 0.221725
phiG = 0.240318